-629.79333083237997926 -639.26590958203269111 -647.33300826405593398 -696.62708628326618054 -696.82709955204063590 -696.75509784794394363 -695.94484035541790945 -696.48906157314831944 -696.48906157314831944 -696.31501230573758221 -694.90386693659547745 -696.75509784794394363 -696.81909953337344632
-1195.03571311110954412 -1180.77174803917546342 -1346.87468928209750629 -1396.36922755887098901 -1393.67826818592448035 -1391.66954154305403790 -1395.40729701924874462 -1395.93820103045345604 -1395.61337078752148955 -1393.91583827722024580 -1394.08903490862303443 -1396.05076524690912265 0.00000000000000000
-1733.35168387001840529 -1884.09244656025771292 -2049.29346579212187862 -2095.97188420027850952 -2092.52699284363507104 -2094.80634651777563704 -2097.65070206449308898 -2098.26934329458163120 -2097.79941225867560206 -2095.57941267513342609 -2097.33756106101736805 0.00000000000000000 0.00000000000000000
-2443.84313127207497018 -2590.01828555267684351 -2757.39036176994522975 -2802.39155746456981433 -2800.61240421136790246 -2805.56902237089479968 -2805.89597861595802897 -2809.38325650658453014 -2806.45189420494216392 -2803.60676726892370425 0.00000000000000000 0.00000000000000000 0.00000000000000000
-3160.84053903738322333 -3310.42843599766365514 -3476.83422831937105002 -3515.46910310502607899 -3523.75316430353996111 -3523.44522214283006178 -3528.16634207840343151 -3530.14496648050135263 -3524.94669841540189736 0.00000000000000000 0.00000000000000000 0.00000000000000000 0.00000000000000000
-3891.21908343867744406 -4043.61847293082837496 -4195.26416305877955892 -4258.95243474904145842 -4260.29852637948533811 -4267.58850188513315516 -4267.26172219377076544 -4270.78163206129647733 0.00000000000000000 0.00000000000000000 0.00000000000000000 0.00000000000000000 0.00000000000000000
-4639.63996071810015565 -4774.72503207888075849 -4960.72467363330997614 -5021.60209915377345169 -5025.69473567874047149 -5028.36463828139494581 -5034.12832935522965272 0.00000000000000000 0.00000000000000000 0.00000000000000000 0.00000000000000000 0.00000000000000000 0.00000000000000000
-5391.02660225826002716 -5550.80527288065059111 -5741.82212435659039329 -5808.01729370451812429 -5814.81081397497200669 -5822.63196554349451617 0.00000000000000000 0.00000000000000000 0.00000000000000000 0.00000000000000000 0.00000000000000000 0.00000000000000000 0.00000000000000000
-6172.42850898523374781 -6329.92342765608918853 -6540.13414232944705873 -6605.76345300861703436 -6616.64978034103296523 0.00000000000000000 0.00000000000000000 0.00000000000000000 0.00000000000000000 0.00000000000000000 0.00000000000000000 0.00000000000000000 0.00000000000000000
-6945.83820920556718193 -7106.77827240592705493 -7310.82400282081653131 -7392.32341350675233116 0.00000000000000000 0.00000000000000000 0.00000000000000000 0.00000000000000000 0.00000000000000000 0.00000000000000000 0.00000000000000000 0.00000000000000000 0.00000000000000000
-7710.54576237263336225 -7869.57231863860033627 -8073.09951741996883356 0.00000000000000000 0.00000000000000000 0.00000000000000000 0.00000000000000000 0.00000000000000000 0.00000000000000000 0.00000000000000000 0.00000000000000000 0.00000000000000000 0.00000000000000000
-8449.12609570629865630 -8614.17077586541199707 0.00000000000000000 0.00000000000000000 0.00000000000000000 0.00000000000000000 0.00000000000000000 0.00000000000000000 0.00000000000000000 0.00000000000000000 0.00000000000000000 0.00000000000000000 0.00000000000000000
-9176.02219332566528465 0.00000000000000000 0.00000000000000000 0.00000000000000000 0.00000000000000000 0.00000000000000000 0.00000000000000000 0.00000000000000000 0.00000000000000000 0.00000000000000000 0.00000000000000000 0.00000000000000000 0.00000000000000000
